% # columns="iteration, evaluation, min max(neg(.)) min(pos(.)) max correlation, correlation matrix principal axes lengths  (sorted square roots of eigenvalues of correlation matrix)", seed=958744, Tue Apr 23 21:08:10 2024
1 256 -0.11780781656859446 -0.06999232019031519 0.0911762921913726 0.09708366660698928 0.8981301666276372 1.0349081522810073 1.0593995092200692
2 512 -0.1683113731559761 -0.13584460177749721 0.02484334227999562 0.045939218920680994 0.8981301666276372 1.0349081522810073 1.0593995092200692
3 768 -0.23230492740911246 -0.19916998586599433 -0.06585564519869887 -0.05455247318605183 0.8981301666276372 1.0349081522810073 1.0593995092200692
4 1024 -0.309248978985689 -0.2692157761335134 -0.07223272060441585 -0.04660490494689232 0.798028197464823 1.0179398382386247 1.1519329328471202
5 1280 -0.26681275304423624 -0.25051729456200633 -0.06146791255284603 -0.014746910365355827 0.798028197464823 1.0179398382386247 1.1519329328471202
6 1536 -0.30782995138519265 -0.2857753107040956 -0.11367261176642579 -0.07835968613496619 0.798028197464823 1.0179398382386247 1.1519329328471202
7 1792 -0.4022899046287855 -0.3513534777653269 0.08138431629671557 0.17469382078727108 0.7725361213746845 0.9328187921662872 1.2381587305966821
8 2048 -0.5300966769023843 -0.4964747007128072 0.1087364545503322 0.27685153011513497 0.7725361213746845 0.9328187921662872 1.2381587305966821
9 2304 -0.6120642965014891 -0.5978664554615186 0.26084875301704924 0.5328893148032681 0.7725361213746845 0.9328187921662872 1.2381587305966821
10 2560 -0.5997343177359412 -0.5986325502193214 0.2555193834515417 0.5391349271585429 0.618462503575284 0.6789284710762002 1.4685231570641049
11 2816 -0.6496968631405811 -0.6313724970611932 0.2953301892925154 0.5859067186643638 0.618462503575284 0.6789284710762002 1.4685231570641049
12 3072 -0.7406355377161068 -0.7105590283219421 0.31976791960210027 0.6331337261826164 0.618462503575284 0.6789284710762002 1.4685231570641049
13 3328 -0.8002843895559182 -0.7737320686478395 0.3236228593888004 0.6628555144929351 0.44449767858784817 0.602182915802968 1.5619851310576067
14 3584 -0.8080295511771718 -0.7875630266649492 0.340004806662349 0.6953942265925591 0.44449767858784817 0.602182915802968 1.5619851310576067
15 3840 -0.8043728098299352 -0.7977792769424991 0.3614816421860595 0.7413084156748095 0.44449767858784817 0.602182915802968 1.5619851310576067
16 4096 -0.822140486800965 -0.8210585345328403 0.4211491702624348 0.8341364529260685 0.4068607946194399 0.4301765803659131 1.6277015707758982
17 4352 -0.8899706276699102 -0.8896526501570603 0.4306809381051623 0.8704741566797198 0.4068607946194399 0.4301765803659131 1.6277015707758982
18 4608 -0.8721609268121536 -0.87214040539526 0.439586949149228 0.8768088792471638 0.4068607946194399 0.4301765803659131 1.6277015707758982
19 4864 -0.9008305157866785 -0.8926470579263253 0.46954272671026087 0.9154225303954363 0.2776974154910548 0.3649283518171727 1.6702429294775034
20 5120 -0.9163246691507742 -0.9097471644321721 0.4777637649631228 0.9336899033762858 0.2776974154910548 0.3649283518171727 1.6702429294775034
21 5376 -0.9387920031899983 -0.9339529986629734 0.48466027412722046 0.9526923605302602 0.2776974154910548 0.3649283518171727 1.6702429294775034
22 5632 -0.9400070398532596 -0.9394162717204012 0.48775319490379065 0.9628855823123297 0.19249874754870866 0.2630728153625237 1.701098740817068
23 5888 -0.9421169993955884 -0.9392428459084734 0.48331793434689085 0.954630707611564 0.19249874754870866 0.2630728153625237 1.701098740817068
24 6144 -0.9231632601658433 -0.9148563282058207 0.49227312930427314 0.9530093498476152 0.19249874754870866 0.2630728153625237 1.701098740817068
25 6400 -0.9048159866505312 -0.9001524847297248 0.4907685896519327 0.9497454458583454 0.22054424791053587 0.3520640728703403 1.6814907443419143
26 6656 -0.8711119765045983 -0.8671028391588285 0.505213366213418 0.9586429639917303 0.22054424791053587 0.3520640728703403 1.6814907443419143
27 6912 -0.9018857534386961 -0.8973787917916671 0.5093751570567998 0.9737861783592598 0.22054424791053587 0.3520640728703403 1.6814907443419143
28 7168 -0.8726179845655425 -0.8723335186880639 0.5133855917447245 0.9750074960115087 0.1580796792748287 0.40172777138488236 1.6773865424220211
29 7424 -0.8553233597449197 -0.8510978729416239 0.5249129759830197 0.979357772154605 0.1580796792748287 0.40172777138488236 1.6773865424220211
30 7680 -0.809760898922363 -0.8033555607136189 0.5389757169514988 0.9800141379644607 0.1580796792748287 0.40172777138488236 1.6773865424220211
31 7936 -0.7914949564267874 -0.7875842296052984 0.5436980425433164 0.9835480731046989 0.12693174304381472 0.5287831154734635 1.6444685309844143
32 8192 -0.8323659227013386 -0.8274167248318444 0.5333968562357425 0.9820521853887774 0.12693174304381472 0.5287831154734635 1.6444685309844143
33 8448 -0.8494892816408601 -0.8425026514999933 0.5339054127865014 0.9857214707411328 0.12693174304381472 0.5287831154734635 1.6444685309844143
34 8704 -0.8383050592002709 -0.8325562459076628 0.5346376257861354 0.9846201030581267 0.12030409732959553 0.4738049483143764 1.6616364810386546
35 8960 -0.8328565593371707 -0.8256611710242932 0.5380091217819472 0.9853704977378164 0.12030409732959553 0.4738049483143764 1.6616364810386546
36 9216 -0.8561123804465074 -0.851062980851799 0.5317870084682951 0.9876876053136181 0.12030409732959553 0.4738049483143764 1.6616364810386546
37 9472 -0.8727038363574172 -0.8679480382988177 0.5284706974943499 0.9891878113668062 0.10024327647178499 0.42214893188671637 1.676824846198644
38 9728 -0.8779476008728343 -0.8705872377207515 0.527043941682926 0.9855606383320692 0.10024327647178499 0.42214893188671637 1.676824846198644
39 9984 -0.8442818956602738 -0.8353803379921093 0.5327949118776717 0.9799517708327674 0.10024327647178499 0.42214893188671637 1.676824846198644
40 10240 -0.8243789967780917 -0.8179796936158309 0.5270992541086049 0.9690596001878227 0.1726677821008067 0.48968160342174405 1.6523915287530064
41 10496 -0.8177844828400059 -0.8161148565517321 0.5322815404513394 0.9800773798307559 0.1726677821008067 0.48968160342174405 1.6523915287530064
42 10752 -0.8165372385254466 -0.8143577266767885 0.5370506964631554 0.9853406589944788 0.1726677821008067 0.48968160342174405 1.6523915287530064
43 11008 -0.7957497984622252 -0.7919214017413718 0.5412557895846859 0.9818197899725186 0.13358475657695368 0.522853730649858 1.6458368962797623
44 11264 -0.7534336952553469 -0.7454006478122818 0.5490993774294536 0.9725663384003003 0.13358475657695368 0.522853730649858 1.6458368962797623
45 11520 -0.767532163607606 -0.7539112185687188 0.5422037030732354 0.9606210652483328 0.13358475657695368 0.522853730649858 1.6458368962797623
46 11776 -0.7906948500838529 -0.7785508690756366 0.5307813551273668 0.955081448853485 0.20370284826710286 0.5444534334139005 1.6315868375454876
47 12032 -0.8254522849768318 -0.8204585158631754 0.5275139223066558 0.9718442992496099 0.20370284826710286 0.5444534334139005 1.6315868375454876
48 12288 -0.7783522736172521 -0.7750722805542549 0.5367196122448032 0.9707035834481588 0.20370284826710286 0.5444534334139005 1.6315868375454876
49 12544 -0.7867278882400266 -0.7865229305236037 0.515561045910198 0.9493840803383756 0.22497731533164628 0.5153566278715601 1.6382285413503879
50 12800 -0.8408207421116184 -0.8377847146396666 0.49909324732199106 0.941683207170592 0.22497731533164628 0.5153566278715601 1.6382285413503879
