% # columns="iteration, evaluation, sigma, max axis length,  min axis length, all principal axes lengths  (sorted square roots of eigenvalues of C)", seed=141000, Thu Apr 25 10:19:00 2024
1 256 47.35474381645406 1.0000333338888951 1.0 1.0 1.0000166668055563 1.0000333338888951
1 256 44.05229219813595 1.0000333338888951 1.0 1.0 1.0000166668055563 1.0000333338888951
1 256 49.601054700292494 1.0000333338888951 1.0 1.0 1.0000166668055563 1.0000333338888951
2 512 52.80374389885875 1.1146385657344626 0.685087316702867 0.685087316702867 0.9698889301755853 1.1146385657344626
2 512 51.03196161034228 1.231204960481828 0.8721393108154605 0.8721393108154605 1.0615298569284397 1.231204960481828
2 512 44.935767870614434 1.1948418754436843 0.897727962805656 0.897727962805656 1.02312327077004 1.1948418754436843
3 768 58.70963346262493 1.306261383230094 0.5938514256908248 0.5938514256908248 0.9396667733418066 1.306261383230094
3 768 49.10347233055444 1.2514769434468467 0.783216936472108 0.783216936472108 0.9292882497756277 1.2514769434468467
3 768 47.9067613920132 1.3147164880845776 0.8789279408357166 0.8789279408357166 1.054537839020689 1.3147164880845776
4 1024 49.32560793717442 1.0147199642781433 0.6787280479419655 0.6787280479419655 0.9385564657049253 1.0147199642781433
4 1024 60.99688511593764 1.2948104421956237 0.4866887120408968 0.4866887120408968 0.9123610037443156 1.2948104421956237
4 1024 46.922984983948695 1.3492059400625878 0.9291069254081334 0.9291069254081334 1.0747094832545954 1.3492059400625878
5 1280 52.12909269289749 1.016556189374598 0.6004539354558613 0.6004539354558613 0.9111088874390151 1.016556189374598
5 1280 70.26311895927905 1.162624946962612 0.35668176565931065 0.35668176565931065 0.8971046902815827 1.162624946962612
5 1280 47.799443726274895 1.227079734393365 1.0482418292101634 1.0482418292101634 1.0909081813268557 1.227079734393365
6 1536 52.57945504519801 0.8912537195454721 0.5229662205201858 0.5229662205201858 0.8204388898485799 0.8912537195454721
6 1536 77.79879260123087 1.2792080456965271 0.2938497193025813 0.2938497193025813 0.7440492621583628 1.2792080456965271
6 1536 48.921041179546364 1.1584466124578023 0.9654668407391223 0.9654668407391223 1.0645118757015348 1.1584466124578023
7 1792 55.12874176392471 0.8648172890889797 0.4599223523774609 0.4599223523774609 0.7929923430485177 0.8648172890889797
7 1792 80.8245558138072 1.2871644749094797 0.27878523124527893 0.27878523124527893 0.6280514017280331 1.2871644749094797
7 1792 47.4681901345103 1.0906684874367776 0.891039212109452 0.891039212109452 0.9571337295574798 1.0906684874367776
8 2048 51.94396952545521 0.8408174653421544 0.3694594037213733 0.3694594037213733 0.6510674674447047 0.8408174653421544
8 2048 94.57777851453145 1.3216485679696008 0.23041774639342524 0.23041774639342524 0.5264709389932034 1.3216485679696008
8 2048 48.212965315166294 1.1469493121544396 0.8230690198672093 0.8230690198672093 0.968261461339941 1.1469493121544396
9 2304 53.37796056096539 0.9165576302825369 0.33366561055462823 0.33366561055462823 0.5211070181916224 0.9165576302825369
9 2304 97.8032023039343 1.168112781701233 0.16826720258507388 0.16826720258507388 0.48427975916689026 1.168112781701233
9 2304 51.02140562399558 1.1624175312712548 0.7688184555313116 0.7688184555313116 0.9059307055142836 1.1624175312712548
10 2560 50.372159418260104 0.8703789199170303 0.2899531218488354 0.2899531218488354 0.43109720555112757 0.8703789199170303
10 2560 93.08098993693238 1.0103853413496775 0.15418848133656832 0.15418848133656832 0.4097802560966426 1.0103853413496775
10 2560 53.27406177422479 1.2720622901631609 0.7637081740804125 0.7637081740804125 0.8241388840180964 1.2720622901631609
11 2816 47.72084685624115 0.8128559099598827 0.23261134061016336 0.23261134061016336 0.38264791766060036 0.8128559099598827
11 2816 94.4497667346708 0.8337535611002443 0.11028683812851385 0.11028683812851385 0.33572148915966293 0.8337535611002443
11 2816 49.40293276659115 1.4216043817542892 0.7410369919720056 0.7410369919720056 0.7922264155538083 1.4216043817542892
12 3072 45.076339759085776 0.7605184086233292 0.19865593407978996 0.19865593407978996 0.40385167901940394 0.7605184086233292
12 3072 51.754540653698456 1.61041242745004 0.5516851357142549 0.5516851357142549 0.849384000599828 1.61041242745004
12 3072 92.59446417578353 0.7648127759617367 0.10981131953669072 0.10981131953669072 0.2803658314898431 0.7648127759617367
13 3328 48.16742597375056 0.5772306528915558 0.13717608971100648 0.13717608971100648 0.4474784757488893 0.5772306528915558
13 3328 49.879418684820806 1.873759828596793 0.49750084059873284 0.49750084059873284 0.6778802709194923 1.873759828596793
13 3328 88.00167048235616 0.7219102715666852 0.09102654115120769 0.09102654115120769 0.25651913945869687 0.7219102715666852
14 3584 47.90602535947854 0.44593022684987815 0.12924207527411238 0.12924207527411238 0.3823707613325745 0.44593022684987815
14 3584 47.128502658690465 2.1519699697077725 0.39123362444240684 0.39123362444240684 0.6528936832905412 2.1519699697077725
14 3584 85.55981247484742 0.6712767985006504 0.07279114432195664 0.07279114432195664 0.24212520246330563 0.6712767985006504
15 3840 48.85242124931409 0.43807029325063634 0.11556846991169968 0.11556846991169968 0.3083865712560355 0.43807029325063634
15 3840 86.73422798070187 0.7049531012740498 0.0625299163955561 0.0625299163955561 0.23476485584977422 0.7049531012740498
15 3840 50.12342875314547 2.2285036245465624 0.3233729740600471 0.3233729740600471 0.7151238908952814 2.2285036245465624
16 4096 49.703616387708635 0.44125879305538745 0.09050809353652936 0.09050809353652936 0.25912024147259516 0.44125879305538745
16 4096 78.23802750934739 0.7152987017577946 0.053442140886812164 0.053442140886812164 0.2145389196781593 0.7152987017577946
16 4096 57.62162356867218 2.276881289677505 0.28674845467247895 0.28674845467247895 0.737794031356876 2.276881289677505
17 4352 51.57339409618735 0.3460524252981393 0.08050014455320507 0.08050014455320507 0.18804235378829792 0.3460524252981393
17 4352 59.01814163811854 2.3896950437794584 0.26499061905507104 0.26499061905507104 0.7361739616595128 2.3896950437794584
17 4352 84.96629275889228 0.7311042219959759 0.044388607851121545 0.044388607851121545 0.21731135644923222 0.7311042219959759
18 4608 50.992005418390335 0.24578242299274108 0.07403580813074355 0.07403580813074355 0.11652235900590086 0.24578242299274108
18 4608 89.81446329438403 0.7388880687894913 0.04043794763830253 0.04043794763830253 0.2441589902876801 0.7388880687894913
18 4608 59.5067842350176 2.4876652432937933 0.22574717174904274 0.22574717174904274 0.7532735576547365 2.4876652432937933
19 4864 86.39327053636497 0.7610201975775941 0.03317421775215933 0.03317421775215933 0.2377942746124879 0.7610201975775941
19 4864 58.62546292979824 0.1791205516275814 0.04346719902009676 0.04346719902009676 0.07583601549994372 0.1791205516275814
19 4864 59.92372238498828 2.546897157821356 0.1717213645069185 0.1717213645069185 0.6666579940022793 2.546897157821356
20 5120 92.6974634564779 0.6396226748261654 0.03641660416274527 0.03641660416274527 0.2240372711265149 0.6396226748261654
20 5120 65.0843332980076 0.1523485828527258 0.03597925100468092 0.03597925100468092 0.05225607549918101 0.1523485828527258
20 5120 67.28892694716626 2.4196817919522315 0.1530090979106381 0.1530090979106381 0.638483236835364 2.4196817919522315
21 5376 102.33046865721593 0.49934613999567296 0.03123168875666898 0.03123168875666898 0.27928623637435057 0.49934613999567296
21 5376 68.2241181812708 0.11023097974893369 0.024383289406679637 0.024383289406679637 0.0372027006326594 0.11023097974893369
21 5376 65.89373447308907 2.2509194006101176 0.13934821121056817 0.13934821121056817 0.5103969668606554 2.2509194006101176
22 5632 109.65345536567696 0.45186694488608165 0.026196096337533312 0.026196096337533312 0.26132729057186876 0.45186694488608165
22 5632 76.78639431669903 0.08527054359266048 0.014349880554792407 0.014349880554792407 0.027463670719675204 0.08527054359266048
22 5632 66.09552663898307 1.6114535001518946 0.11448697461754692 0.11448697461754692 0.5149259309741384 1.6114535001518946
23 5888 110.24433244168917 0.4438861415467357 0.024419686722405073 0.024419686722405073 0.22584995173711406 0.4438861415467357
23 5888 81.56078941573305 0.06927787798560214 0.008472257061239422 0.008472257061239422 0.019236395382997505 0.06927787798560214
23 5888 67.45577870297785 1.2511313576053669 0.11248150941085512 0.11248150941085512 0.4890747352265873 1.2511313576053669
24 6144 107.85210378657986 0.3672655707240846 0.022289352510252356 0.022289352510252356 0.21635797437706797 0.3672655707240846
24 6144 80.75864188217504 0.05879452802061596 0.006146314279524385 0.006146314279524385 0.011550050365047398 0.05879452802061596
24 6144 77.53694953717644 1.1672398813907805 0.11057492458525688 0.11057492458525688 0.4019180904803805 1.1672398813907805
25 6400 104.60237122722513 0.38164764907383075 0.018814682482200737 0.018814682482200737 0.21203690198765704 0.38164764907383075
25 6400 83.38301815380794 0.049579662058957454 0.004622114509121405 0.004622114509121405 0.008547416587252554 0.049579662058957454
25 6400 81.33693205977055 1.0056452442374255 0.09262131175118253 0.09262131175118253 0.3971747553187131 1.0056452442374255
26 6656 114.99357168150866 0.4020560778778076 0.014300597519085415 0.014300597519085415 0.17226419478069263 0.4020560778778076
26 6656 85.46959124490066 0.04224118975041113 0.003506094152237151 0.003506094152237151 0.00759918562565619 0.04224118975041113
27 6912 131.02087349622823 0.46389804604113094 0.013282903766647931 0.013282903766647931 0.16081153672816687 0.46389804604113094
26 6656 77.62061448455513 0.7617009616317498 0.08568621852804122 0.08568621852804122 0.32497208250804815 0.7617009616317498
27 6912 84.59624323997741 0.02904970275903255 0.0028439024290615096 0.0028439024290615096 0.006265483139254415 0.02904970275903255
28 7168 145.5144434152567 0.4398955262406985 0.013227417570007755 0.013227417570007755 0.12522990020893784 0.4398955262406985
27 6912 80.81692992146857 0.6850229897143345 0.08056752731709034 0.08056752731709034 0.2936780263380634 0.6850229897143345
28 7168 101.67461284702729 0.018639533602686734 0.0027996657991107717 0.0027996657991107717 0.0046910222978773924 0.018639533602686734
29 7424 145.44246181920138 0.40148185799287667 0.011510466352696647 0.011510466352696647 0.11077644948003026 0.40148185799287667
28 7168 86.25330919401436 0.6846513521495222 0.06809307103318399 0.06809307103318399 0.2686106821009801 0.6846513521495222
29 7424 107.23530874872968 0.010914458805977512 0.0027311894631587836 0.0027311894631587836 0.00402730861796861 0.010914458805977512
30 7680 130.5066968288181 0.3241450091111242 0.010441251238189666 0.010441251238189666 0.11121046620801386 0.3241450091111242
29 7424 86.04151308969361 0.5377311316103263 0.0657378494270096 0.0657378494270096 0.2541711710975562 0.5377311316103263
30 7680 114.74663691141384 0.006800761218707009 0.002254167607415165 0.002254167607415165 0.0034557272969533174 0.006800761218707009
31 7936 152.03371024220348 0.2706370711220044 0.009102744938155233 0.009102744938155233 0.09176524281477838 0.2706370711220044
30 7680 93.96876589841033 0.41766341830292675 0.05590795491895916 0.05590795491895916 0.20958081123906527 0.41766341830292675
31 7936 116.60363233277585 0.004748511308990181 0.001966960912408066 0.001966960912408066 0.0026059215180864225 0.004748511308990181
32 8192 152.54917328220762 0.20976044073065062 0.008007467659681078 0.008007467659681078 0.09976125932654681 0.20976044073065062
31 7936 86.32582604334492 0.3862808378594279 0.05178109500803128 0.05178109500803128 0.17769634742922608 0.3862808378594279
32 8192 131.44636832027584 0.004160153006449769 0.001505683410397644 0.001505683410397644 0.002140942899227476 0.004160153006449769
33 8448 160.3744130125644 0.15892113407699465 0.007420392687796747 0.007420392687796747 0.07156374998699838 0.15892113407699465
32 8192 99.58427999241681 0.405583656007015 0.04065541304389451 0.04065541304389451 0.15321864015719217 0.405583656007015
33 8448 132.25525241024624 0.0034031034554695794 0.0010583514077803044 0.0010583514077803044 0.0019440275882678505 0.0034031034554695794
34 8704 152.60286807622393 0.11340038828767451 0.006693183367118724 0.006693183367118724 0.04116978200795643 0.11340038828767451
33 8448 100.26783244272092 0.3786893606295569 0.03543406922001761 0.03543406922001761 0.1341673996833576 0.3786893606295569
34 8704 137.21434698423548 0.002701569303335343 0.0007999385383147808 0.0007999385383147808 0.001690502717185941 0.002701569303335343
35 8960 167.66132747804573 0.08067101366061877 0.005042919143432516 0.005042919143432516 0.027632852958620842 0.08067101366061877
34 8704 109.27297739565142 0.39933529914944504 0.031764344161337096 0.031764344161337096 0.09480466296214134 0.39933529914944504
35 8960 132.72195702307147 0.0021475431706610387 0.0005335607074463738 0.0005335607074463738 0.0015997456085560453 0.0021475431706610387
36 9216 189.16776791234838 0.07485885471962793 0.003761132773561198 0.003761132773561198 0.022449988765526 0.07485885471962793
35 8960 103.7447800743535 0.3484308788771034 0.026489283754590493 0.026489283754590493 0.08694379151396936 0.3484308788771034
36 9216 137.24847951655013 0.0016079694574189698 0.00037552116517536896 0.00037552116517536896 0.0013576317745329722 0.0016079694574189698
37 9472 174.6195145036301 0.06617233058251293 0.0025428876558424153 0.0025428876558424153 0.01618136337716719 0.06617233058251293
36 9216 103.99652545037321 0.33607495692074074 0.016047658359097227 0.016047658359097227 0.07710707544932995 0.33607495692074074
37 9472 125.68541134702228 0.001480697062517398 0.00030707361038089794 0.00030707361038089794 0.0014228122136760485 0.001480697062517398
38 9728 180.1863810683023 0.04520065977038895 0.0016109087036000488 0.0016109087036000488 0.010027403939285072 0.04520065977038895
37 9472 108.60670338915332 0.23318991226687555 0.014245364096363844 0.014245364096363844 0.06466907044194442 0.23318991226687555
38 9728 122.87001933800148 0.001560819460039812 0.00021009396566191237 0.00021009396566191237 0.001213032851594866 0.001560819460039812
39 9984 192.56310036586393 0.0443383515488771 0.001359194552923622 0.001359194552923622 0.00864998612440934 0.0443383515488771
38 9728 112.33561816834582 0.18266827226507734 0.011065732818813326 0.011065732818813326 0.046636203723907386 0.18266827226507734
39 9984 119.26829799680031 0.0014202351494067723 0.00011754311511055765 0.00011754311511055765 0.0011891692722268419 0.0014202351494067723
40 10240 202.70840454509866 0.03907266856092384 0.00112531545047683 0.00112531545047683 0.008291426906669739 0.03907266856092384
39 9984 115.83572672422476 0.13842849146741254 0.007922469863073867 0.007922469863073867 0.035584702249917416 0.13842849146741254
40 10240 127.54372524652501 0.0013873685358080374 5.835301788443541e-05 5.835301788443541e-05 0.0010617418641016621 0.0013873685358080374
41 10496 204.49957592036543 0.029646117809139123 0.0009565103665584141 0.0009565103665584141 0.006781687493839141 0.029646117809139123
40 10240 115.47105877639142 0.08817353118463189 0.005395271251172798 0.005395271251172798 0.02556147078680905 0.08817353118463189
41 10496 137.62770107226567 0.0014382728310374645 4.066165584044031e-05 4.066165584044031e-05 0.0011011445123982368 0.0014382728310374645
42 10752 221.32193580785164 0.020119086751473423 0.0007520845296588722 0.0007520845296588722 0.004917708506093462 0.020119086751473423
41 10496 118.95012615949338 0.05994619065192355 0.00427213594815426 0.00427213594815426 0.016851921407806253 0.05994619065192355
42 10752 140.56329569669094 0.0014163160981828108 2.057542378270296e-05 2.057542378270296e-05 0.0009712331596687946 0.0014163160981828108
43 11008 219.06362840054842 0.01083213652589184 0.0007552091313808267 0.0007552091313808267 0.004442979075971185 0.01083213652589184
42 10752 126.98428715914959 0.05416068715577208 0.0032183849009450737 0.0032183849009450737 0.010714092367515637 0.05416068715577208
43 11008 140.88681063053622 0.0012984527743879525 1.614795424199142e-05 1.614795424199142e-05 0.000847944533145075 0.0012984527743879525
44 11264 212.8332506093582 0.008300697890661518 0.0006254094590538773 0.0006254094590538773 0.0035662170797558512 0.008300697890661518
43 11008 146.3313612886947 0.053103175910809874 0.0023879000840907366 0.0023879000840907366 0.007304953847234036 0.053103175910809874
44 11264 130.59837419587058 0.0010169301909993289 1.2318343736937409e-05 1.2318343736937409e-05 0.0008482051061898336 0.0010169301909993289
45 11520 209.36796695543615 0.006748008067771315 0.0005551853867201653 0.0005551853867201653 0.0028084531126484724 0.006748008067771315
44 11264 140.13662186617643 0.04770518892103915 0.0018108770868087325 0.0018108770868087325 0.005493736270025126 0.04770518892103915
45 11520 132.4856043511325 0.0010513203004796825 1.048295038838178e-05 1.048295038838178e-05 0.0007409603902058906 0.0010513203004796825
46 11776 205.07331052140233 0.005487684865941207 0.0004429530173279873 0.0004429530173279873 0.0019172580065132713 0.005487684865941207
45 11520 143.04726006103525 0.03971984743968593 0.001210781460499837 0.001210781460499837 0.0038798672181859393 0.03971984743968593
46 11776 127.98182330365816 0.001161309751048193 1.0525976847298558e-05 1.0525976847298558e-05 0.0005597331009970956 0.001161309751048193
47 12032 233.79773301004815 0.0050602721843720265 0.00039058668813183066 0.00039058668813183066 0.00155832777065217 0.0050602721843720265
46 11776 132.09134308108685 0.03313327445940644 0.001035041508678485 0.001035041508678485 0.003097870229043242 0.03313327445940644
47 12032 140.4930161715626 0.001027687344252828 1.0569515245661758e-05 1.0569515245661758e-05 0.0005026965374704635 0.001027687344252828
48 12288 240.12429842960518 0.0045207268361165676 0.00034708067001319623 0.00034708067001319623 0.0012373557587219393 0.0045207268361165676
47 12032 133.277945968387 0.027131074342576007 0.0008437635497742402 0.0008437635497742402 0.0029536575330330974 0.027131074342576007
48 12288 152.0724332572046 0.0009469853787268492 9.482412802181042e-06 9.482412802181042e-06 0.00046492047931949584 0.0009469853787268492
49 12544 248.70017677441066 0.0036597697804803143 0.0002771189392830059 0.0002771189392830059 0.00103966644281145 0.0036597697804803143
48 12288 143.38318973761912 0.02661993559365558 0.0007664628267760607 0.0007664628267760607 0.002735616473456025 0.02661993559365558
49 12544 149.73328896341715 0.0008527089488623103 7.91406999939405e-06 7.91406999939405e-06 0.00044060115446101987 0.0008527089488623103
50 12800 243.0283569533798 0.0027592565707136797 0.0002660093292021116 0.0002660093292021116 0.0009076840189413656 0.0027592565707136797
49 12544 156.61053636921991 0.029166544541876366 0.000654098050010721 0.000654098050010721 0.0024733364306314494 0.029166544541876366
50 12800 153.70932779391066 0.0008684868633209005 5.717955260818273e-06 5.717955260818273e-06 0.00042094544447903966 0.0008684868633209005
50 12800 151.15107983314303 0.030617127055112315 0.0005315381927863129 0.0005315381927863129 0.002712389663062762 0.030617127055112315
